TABLEAU PRESSION - TEMPERATURE D'EBULLITION
Acétone - Loi de Raoult
======================================================================
Point   Pression (atm)      T (°C)            T (K)             
----------------------------------------------------------------------
1       0.1000              1.71              274.86            
2       0.2208              17.90             291.05            
3       0.3417              27.84             300.99            
4       0.4625              35.24             308.39            
5       0.5833              41.21             314.36            
6       0.7042              46.25             319.40            
7       0.8250              50.65             323.80            
8       0.9458              54.56             327.71            
9       1.0667              58.10             331.25            
10      1.1875              61.33             334.48            
11      1.3083              64.31             337.46            
12      1.4292              67.08             340.23            
13      1.5500              69.68             342.83            
14      1.6708              72.12             345.27            
15      1.7917              74.43             347.58            
16      1.9125              76.62             349.77            
17      2.0333              78.70             351.85            
18      2.1542              80.69             353.84            
19      2.2750              82.60             355.75            
20      2.3958              84.43             357.58            
21      2.5167              86.19             359.34            
22      2.6375              87.89             361.04            
23      2.7583              89.53             362.68            
24      2.8792              91.11             364.26            
25      3.0000              92.65             365.80            
